E=550
    2.00    .12894E+07    .61104E+01    .17614E-07   -.16283E-06    .34869E-01
    2.20    .87651E+06    .59428E+01    .26353E-07    .36860E-06    .38352E-01
    2.40    .61435E+06    .57884E+01    .36339E-07    .13474E-06    .41837E-01
    2.60    .44159E+06    .56450E+01    .47488E-07   -.33375E-06    .45322E-01
    2.80    .32418E+06    .55108E+01    .59721E-07   -.65452E-08    .48805E-01
    3.00    .24225E+06    .53843E+01    .72962E-07    .25209E-06    .52288E-01
    3.20    .18380E+06    .52643E+01    .87139E-07   -.10926E-06    .55771E-01
    3.40    .14127E+06    .51501E+01    .10219E-06   -.22865E-06    .59252E-01
    3.60    .10982E+06    .50407E+01    .11804E-06    .55232E-07    .62733E-01
    3.80    .86201E+05    .49355E+01    .13465E-06    .24846E-07    .66213E-01
    4.00    .68242E+05    .48341E+01    .15195E-06   -.22629E-06    .69693E-01
    4.20    .54430E+05    .47358E+01    .16988E-06   -.16789E-06    .73172E-01
    4.40    .43698E+05    .46405E+01    .18841E-06   -.34157E-07    .76649E-01
    4.60    .35285E+05    .45476E+01    .20747E-06   -.17205E-06    .80126E-01
    4.80    .28636E+05    .44569E+01    .22702E-06   -.28944E-06    .83602E-01
    5.00    .23345E+05    .43682E+01    .24701E-06   -.19759E-06    .87077E-01
    5.20    .19106E+05    .42812E+01    .26739E-06   -.19070E-06    .90551E-01
    5.40    .15691E+05    .41957E+01    .28811E-06   -.33182E-06    .94023E-01
    5.60    .12926E+05    .41115E+01    .30911E-06   -.35954E-06    .97495E-01
    5.80    .10677E+05    .40284E+01    .33035E-06   -.30306E-06    .10097E+00
    6.00    .88396E+04    .39464E+01    .35178E-06   -.37176E-06    .10443E+00
    6.20    .73334E+04    .38653E+01    .37332E-06   -.47535E-06    .10790E+00
    6.40    .60945E+04    .37849E+01    .39494E-06   -.46482E-06    .11137E+00
    6.60    .50726E+04    .37052E+01    .41656E-06   -.46469E-06    .11483E+00
    6.80    .42274E+04    .36261E+01    .43812E-06   -.56378E-06    .11830E+00
    7.00    .35269E+04    .35474E+01    .45955E-06   -.62606E-06    .12176E+00
    7.20    .29451E+04    .34691E+01    .48079E-06   -.61795E-06    .12522E+00
    7.40    .24611E+04    .33911E+01    .50175E-06   -.66989E-06    .12868E+00
    7.60    .20578E+04    .33134E+01    .52237E-06   -.76974E-06    .13214E+00
    7.80    .17213E+04    .32359E+01    .54256E-06   -.80602E-06    .13559E+00
    8.00    .14404E+04    .31585E+01    .56224E-06   -.82625E-06    .13905E+00
    8.20    .12056E+04    .30812E+01    .58133E-06   -.91531E-06    .14250E+00
    8.40    .10092E+04    .30040E+01    .59974E-06   -.10031E-05    .14595E+00
    8.60    .84492E+03    .29268E+01    .61739E-06   -.10364E-05    .14940E+00
    8.80    .70741E+03    .28497E+01    .63420E-06   -.10970E-05    .15285E+00
    9.00    .59231E+03    .27725E+01    .65008E-06   -.12069E-05    .15629E+00
    9.20    .49595E+03    .26954E+01    .66498E-06   -.12847E-05    .15974E+00
    9.40    .41530E+03    .26184E+01    .67885E-06   -.13378E-05    .16318E+00
    9.60    .34781E+03    .25413E+01    .69164E-06   -.14391E-05    .16662E+00
    9.80    .29135E+03    .24644E+01    .70335E-06   -.15579E-05    .17006E+00
   10.00    .24415E+03    .23876E+01    .71400E-06   -.16380E-05    .17349E+00
   10.20    .20469E+03    .23111E+01    .72366E-06   -.17268E-05    .17693E+00
   10.40    .17174E+03    .22349E+01    .73245E-06   -.18600E-05    .18036E+00
   10.60    .14422E+03    .21590E+01    .74055E-06   -.19820E-05    .18379E+00
   10.80    .12127E+03    .20837E+01    .74824E-06   -.20787E-05    .18721E+00
   11.00    .10213E+03    .20091E+01    .75585E-06   -.22043E-05    .19064E+00
   11.20    .86176E+02    .19354E+01    .76382E-06   -.23517E-05    .19406E+00
   11.40    .72888E+02    .18627E+01    .77270E-06   -.24730E-05    .19748E+00
   11.60    .61822E+02    .17911E+01    .78311E-06   -.25884E-05    .20090E+00
   11.80    .52608E+02    .17210E+01    .79577E-06   -.27293E-05    .20431E+00
   12.00    .44934E+02    .16526E+01    .81143E-06   -.28638E-05    .20773E+00
   12.20    .38540E+02    .15859E+01    .83089E-06   -.29724E-05    .21114E+00
   12.40    .33209E+02    .15213E+01    .85490E-06   -.30829E-05    .21454E+00
   12.60    .28758E+02    .14588E+01    .88415E-06   -.31963E-05    .21795E+00
   12.80    .25035E+02    .13986E+01    .91917E-06   -.32863E-05    .22135E+00
   13.00    .21913E+02    .13407E+01    .96034E-06   -.33574E-05    .22475E+00
   13.20    .19287E+02    .12853E+01    .10078E-05   -.34222E-05    .22815E+00
   13.40    .17070E+02    .12322E+01    .10614E-05   -.34705E-05    .23154E+00
   13.60    .15188E+02    .11815E+01    .11209E-05   -.34988E-05    .23493E+00
   13.80    .13582E+02    .11330E+01    .11856E-05   -.35135E-05    .23832E+00
   14.00    .12204E+02    .10865E+01    .12548E-05   -.35118E-05    .24171E+00
   14.20    .11012E+02    .10418E+01    .13277E-05   -.34964E-05    .24509E+00
   14.40    .99732E+01    .99883E+00    .14034E-05   -.34752E-05    .24847E+00
   14.60    .90614E+01    .95720E+00    .14810E-05   -.34407E-05    .25185E+00
   14.80    .82545E+01    .91669E+00    .15595E-05   -.33923E-05    .25522E+00
   15.00    .75347E+01    .87707E+00    .16381E-05   -.33475E-05    .25859E+00
E=600 
    2.00    .10772E+07    .60323E+01    .25332E-07   -.15999E-06    .34871E-01
    2.20    .72987E+06    .58632E+01    .36111E-07    .35158E-06    .38355E-01
    2.40    .50965E+06    .57073E+01    .48272E-07    .12131E-06    .41840E-01
    2.60    .36479E+06    .55620E+01    .61712E-07   -.33886E-06    .45326E-01
    2.80    .26653E+06    .54257E+01    .76335E-07   -.16092E-07    .48809E-01
    3.00    .19814E+06    .52970E+01    .92050E-07    .23989E-06    .52292E-01
    3.20    .14948E+06    .51746E+01    .10877E-06   -.11973E-06    .55775E-01
    3.40    .11420E+06    .50577E+01    .12643E-06   -.23869E-06    .59257E-01
    3.60    .88191E+05    .49454E+01    .14493E-06    .47085E-07    .62738E-01
    3.80    .68746E+05    .48372E+01    .16423E-06    .17543E-07    .66218E-01
    4.00    .54023E+05    .47326E+01    .18424E-06   -.23570E-06    .69698E-01
    4.20    .42753E+05    .46310E+01    .20490E-06   -.17465E-06    .73177E-01
    4.40    .34043E+05    .45320E+01    .22615E-06   -.35599E-07    .76655E-01
    4.60    .27252E+05    .44354E+01    .24792E-06   -.17505E-06    .80132E-01
    4.80    .21917E+05    .43408E+01    .27015E-06   -.29393E-06    .83608E-01
    5.00    .17699E+05    .42479E+01    .29278E-06   -.19523E-06    .87083E-01
    5.20    .14343E+05    .41566E+01    .31574E-06   -.18436E-06    .90557E-01
    5.40    .11658E+05    .40666E+01    .33896E-06   -.32912E-06    .94030E-01
    5.60    .95015E+04    .39778E+01    .36237E-06   -.35432E-06    .97502E-01
    5.80    .77611E+04    .38899E+01    .38590E-06   -.28928E-06    .10097E+00
    6.00    .63517E+04    .38029E+01    .40946E-06   -.35779E-06    .10444E+00
    6.20    .52067E+04    .37166E+01    .43299E-06   -.46427E-06    .10791E+00
    6.40    .42738E+04    .36308E+01    .45638E-06   -.44681E-06    .11138E+00
    6.60    .35119E+04    .35455E+01    .47956E-06   -.44000E-06    .11484E+00
    6.80    .28884E+04    .34607E+01    .50242E-06   -.54230E-06    .11831E+00
    7.00    .23772E+04    .33761E+01    .52487E-06   -.60405E-06    .12177E+00
    7.20    .19575E+04    .32917E+01    .54681E-06   -.58678E-06    .12523E+00
    7.40    .16126E+04    .32075E+01    .56812E-06   -.63648E-06    .12869E+00
    7.60    .13287E+04    .31234E+01    .58871E-06   -.74047E-06    .13215E+00
    7.80    .10950E+04    .30394E+01    .60845E-06   -.77186E-06    .13560E+00
    8.00    .90249E+03    .29554E+01    .62725E-06   -.78417E-06    .13906E+00
    8.20    .74386E+03    .28715E+01    .64501E-06   -.87550E-06    .14251E+00
    8.40    .61315E+03    .27876E+01    .66162E-06   -.96509E-06    .14596E+00
    8.60    .50543E+03    .27037E+01    .67702E-06   -.99029E-06    .14941E+00
    8.80    .41670E+03    .26198E+01    .69116E-06   -.10465E-05    .15286E+00
    9.00    .34363E+03    .25361E+01    .70402E-06   -.11599E-05    .15631E+00
    9.20    .28348E+03    .24525E+01    .71562E-06   -.12340E-05    .15975E+00
    9.40    .23401E+03    .23692E+01    .72605E-06   -.12772E-05    .16319E+00
    9.60    .19334E+03    .22863E+01    .73549E-06   -.13754E-05    .16663E+00
    9.80    .15992E+03    .22039E+01    .74418E-06   -.14913E-05    .17007E+00
   10.00    .13250E+03    .21222E+01    .75249E-06   -.15584E-05    .17351E+00
   10.20    .10999E+03    .20414E+01    .76092E-06   -.16319E-05    .17694E+00
   10.40    .91544E+02    .19616E+01    .77008E-06   -.17515E-05    .18037E+00
   10.60    .76423E+02    .18832E+01    .78075E-06   -.18518E-05    .18380E+00
   10.80    .64035E+02    .18064E+01    .79379E-06   -.19173E-05    .18723E+00
   11.00    .53884E+02    .17315E+01    .81019E-06   -.20070E-05    .19065E+00
   11.20    .45563E+02    .16586E+01    .83095E-06   -.21097E-05    .19408E+00
   11.40    .38735E+02    .15881E+01    .85706E-06   -.21760E-05    .19750E+00
   11.60    .33125E+02    .15202E+01    .88940E-06   -.22279E-05    .20091E+00
   11.80    .28504E+02    .14549E+01    .92867E-06   -.22924E-05    .20433E+00
   12.00    .24688E+02    .13925E+01    .97529E-06   -.23401E-05    .20774E+00
   12.20    .21523E+02    .13329E+01    .10294E-05   -.23597E-05    .21115E+00
   12.40    .18885E+02    .12761E+01    .10907E-05   -.23737E-05    .21456E+00
   12.60    .16673E+02    .12220E+01    .11586E-05   -.23798E-05    .21797E+00
   12.80    .14806E+02    .11704E+01    .12324E-05   -.23683E-05    .22137E+00
   13.00    .13216E+02    .11211E+01    .13109E-05   -.23477E-05    .22477E+00
   13.20    .11852E+02    .10738E+01    .13930E-05   -.23177E-05    .22816E+00
   13.40    .10670E+02    .10282E+01    .14776E-05   -.22770E-05    .23156E+00
   13.60    .96367E+01    .98393E+00    .15633E-05   -.22384E-05    .23495E+00
   13.80    .87242E+01    .94073E+00    .16493E-05   -.21983E-05    .23834E+00
   14.00    .79115E+01    .89826E+00    .17345E-05   -.21447E-05    .24172E+00
   14.20    .71818E+01    .85623E+00    .18181E-05   -.20954E-05    .24511E+00
   14.40    .65218E+01    .81437E+00    .18996E-05   -.20614E-05    .24849E+00
   14.60    .59212E+01    .77241E+00    .19783E-05   -.20195E-05    .25186E+00
   14.80    .53719E+01    .73013E+00    .20539E-05   -.19696E-05    .25524E+00
   15.00    .48676E+01    .68732E+00    .21260E-05   -.19413E-05    .25861E+00
E=650
    2.00    .91063E+06    .59593E+01    .34032E-07   -.15780E-06    .34874E-01
    2.20    .61477E+06    .57887E+01    .46973E-07    .33243E-06    .38357E-01
    2.40    .42746E+06    .56309E+01    .61423E-07    .10428E-06    .41843E-01
    2.60    .30451E+06    .54836E+01    .77260E-07   -.34999E-06    .45329E-01
    2.80    .22132E+06    .53450E+01    .94369E-07   -.33884E-07    .48812E-01
    3.00    .16359E+06    .52138E+01    .11265E-06    .21695E-06    .52295E-01
    3.20    .12265E+06    .50887E+01    .13199E-06   -.14526E-06    .55778E-01
    3.40    .93075E+05    .49688E+01    .15231E-06   -.26844E-06    .59261E-01
    3.60    .71366E+05    .48535E+01    .17352E-06    .15190E-07    .62742E-01
    3.80    .55208E+05    .47420E+01    .19554E-06   -.19091E-07    .66223E-01
    4.00    .43036E+05    .46338E+01    .21827E-06   -.28187E-06    .69703E-01
    4.20    .33770E+05    .45285E+01    .24165E-06   -.22508E-06    .73182E-01
    4.40    .26649E+05    .44257E+01    .26559E-06   -.87802E-07    .76660E-01
    4.60    .21133E+05    .43250E+01    .29001E-06   -.23843E-06    .80137E-01
    4.80    .16829E+05    .42261E+01    .31483E-06   -.36942E-06    .83614E-01
    5.00    .13450E+05    .41287E+01    .33996E-06   -.27370E-06    .87089E-01
    5.20    .10783E+05    .40327E+01    .36531E-06   -.27022E-06    .90563E-01
    5.40    .86670E+04    .39379E+01    .39078E-06   -.43271E-06    .94036E-01
    5.60    .69815E+04    .38439E+01    .41628E-06   -.46934E-06    .97508E-01
    5.80    .56339E+04    .37508E+01    .44171E-06   -.40942E-06    .10098E+00
    6.00    .45531E+04    .36583E+01    .46695E-06   -.49428E-06    .10445E+00
    6.20    .36840E+04    .35663E+01    .49189E-06   -.62209E-06    .10792E+00
    6.40    .29835E+04    .34747E+01    .51640E-06   -.61503E-06    .11138E+00
    6.60    .24179E+04    .33834E+01    .54036E-06   -.61991E-06    .11485E+00
    6.80    .19605E+04    .32924E+01    .56364E-06   -.74707E-06    .11831E+00
    7.00    .15901E+04    .32014E+01    .58609E-06   -.83003E-06    .12178E+00
    7.20    .12900E+04    .31106E+01    .60758E-06   -.82401E-06    .12524E+00
    7.40    .10467E+04    .30198E+01    .62798E-06   -.89407E-06    .12870E+00
    7.60    .84926E+03    .29290E+01    .64715E-06   -.10267E-05    .13216E+00
    7.80    .68913E+03    .28383E+01    .66499E-06   -.10755E-05    .13561E+00
    8.00    .55924E+03    .27476E+01    .68139E-06   -.11011E-05    .13907E+00
    8.20    .45392E+03    .26570E+01    .69631E-06   -.12173E-05    .14252E+00
    8.40    .36855E+03    .25665E+01    .70973E-06   -.13296E-05    .14597E+00
    8.60    .29941E+03    .24763E+01    .72172E-06   -.13632E-05    .14942E+00
    8.80    .24344E+03    .23864E+01    .73243E-06   -.14292E-05    .15287E+00
    9.00    .19817E+03    .22970E+01    .74213E-06   -.15571E-05    .15632E+00
    9.20    .16159E+03    .22084E+01    .75122E-06   -.16319E-05    .15976E+00
    9.40    .13205E+03    .21208E+01    .76028E-06   -.16627E-05    .16320E+00
    9.60    .10822E+03    .20343E+01    .77005E-06   -.17476E-05    .16664E+00
    9.80    .88999E+02    .19494E+01    .78147E-06   -.18406E-05    .17008E+00
   10.00    .73502E+02    .18663E+01    .79565E-06   -.18656E-05    .17352E+00
   10.20    .61008E+02    .17854E+01    .81381E-06   -.18851E-05    .17695E+00
   10.40    .50929E+02    .17070E+01    .83723E-06   -.19393E-05    .18038E+00
   10.60    .42789E+02    .16313E+01    .86715E-06   -.19582E-05    .18381E+00
   10.80    .36201E+02    .15587E+01    .90464E-06   -.19314E-05    .18724E+00
   11.00    .30855E+02    .14893E+01    .95047E-06   -.19180E-05    .19066E+00
   11.20    .26500E+02    .14232E+01    .10050E-05   -.19069E-05    .19409E+00
   11.40    .22933E+02    .13605E+01    .10682E-05   -.18628E-05    .19751E+00
   11.60    .19993E+02    .13009E+01    .11395E-05   -.18116E-05    .20092E+00
   11.80    .17551E+02    .12443E+01    .12180E-05   -.17723E-05    .20434E+00
   12.00    .15504E+02    .11904E+01    .13023E-05   -.17301E-05    .20775E+00
   12.20    .13771E+02    .11390E+01    .13911E-05   -.16909E-05    .21116E+00
   12.40    .12289E+02    .10895E+01    .14827E-05   -.16641E-05    .21457E+00
   12.60    .11006E+02    .10416E+01    .15758E-05   -.16441E-05    .21798E+00
   12.80    .98848E+01    .99497E+00    .16690E-05   -.16423E-05    .22138E+00
   13.00    .88940E+01    .94910E+00    .17612E-05   -.16663E-05    .22478E+00
   13.20    .80103E+01    .90365E+00    .18512E-05   -.16971E-05    .22818E+00
   13.40    .72159E+01    .85829E+00    .19385E-05   -.17405E-05    .23157E+00
   13.60    .64969E+01    .81271E+00    .20223E-05   -.18228E-05    .23496E+00
   13.80    .58429E+01    .76663E+00    .21023E-05   -.19266E-05    .23835E+00
   14.00    .52457E+01    .71981E+00    .21780E-05   -.20299E-05    .24174E+00
   14.20    .46992E+01    .67203E+00    .22491E-05   -.21639E-05    .24512E+00
   14.40    .41986E+01    .62311E+00    .23156E-05   -.23425E-05    .24850E+00
   14.60    .37401E+01    .57288E+00    .23771E-05   -.25275E-05    .25188E+00
   14.80    .33206E+01    .52121E+00    .24335E-05   -.27201E-05    .25525E+00
   15.00    .29375E+01    .46798E+00    .24846E-05   -.29635E-05    .25863E+00
E=700
    2.00    .77744E+06    .58907E+01    .43657E-07   -.14831E-06    .34876E-01
    2.20    .52269E+06    .57182E+01    .58867E-07    .32348E-06    .38359E-01
    2.40    .36174E+06    .55584E+01    .75704E-07    .10138E-06    .41845E-01
    2.60    .25635E+06    .54088E+01    .94026E-07   -.34260E-06    .45331E-01
    2.80    .18524E+06    .52677E+01    .11370E-06   -.27086E-07    .48815E-01
    3.00    .13607E+06    .51338E+01    .13461E-06    .22590E-06    .52298E-01
    3.20    .10133E+06    .50057E+01    .15663E-06   -.13184E-06    .55782E-01
    3.40    .76335E+05    .48827E+01    .17966E-06   -.25084E-06    .59264E-01
    3.60    .58077E+05    .47640E+01    .20360E-06    .41724E-07    .62745E-01
    3.80    .44559E+05    .46489E+01    .22834E-06    .14152E-07    .66226E-01
    4.00    .34432E+05    .45370E+01    .25379E-06   -.24668E-06    .69707E-01
    4.20    .26770E+05    .44276E+01    .27984E-06   -.17979E-06    .73186E-01
    4.40    .20921E+05    .43206E+01    .30638E-06   -.27622E-07    .76664E-01
    4.60    .16422E+05    .42154E+01    .33333E-06   -.17312E-06    .80142E-01
    4.80    .12939E+05    .41119E+01    .36056E-06   -.29854E-06    .83618E-01
    5.00    .10226E+05    .40097E+01    .38795E-06   -.18432E-06    .87094E-01
    5.20    .81029E+04    .39086E+01    .41540E-06   -.16561E-06    .90568E-01
    5.40    .64341E+04    .38085E+01    .44276E-06   -.32357E-06    .94041E-01
    5.60    .51177E+04    .37091E+01    .46991E-06   -.34620E-06    .97513E-01
    5.80    .40761E+04    .36102E+01    .49669E-06   -.26244E-06    .10098E+00
    6.00    .32498E+04    .35119E+01    .52295E-06   -.33510E-06    .10445E+00
    6.20    .25929E+04    .34138E+01    .54854E-06   -.45500E-06    .10792E+00
    6.40    .20698E+04    .33159E+01    .57328E-06   -.42475E-06    .11139E+00
    6.60    .16528E+04    .32182E+01    .59701E-06   -.40604E-06    .11486E+00
    6.80    .13201E+04    .31206E+01    .61956E-06   -.52433E-06    .11832E+00
    7.00    .10544E+04    .30230E+01    .64075E-06   -.59266E-06    .12178E+00
    7.20    .84227E+03    .29255E+01    .66045E-06   -.55852E-06    .12524E+00
    7.40    .67287E+03    .28279E+01    .67852E-06   -.61101E-06    .12870E+00
    7.60    .53763E+03    .27305E+01    .69488E-06   -.73625E-06    .13216E+00
    7.80    .42972E+03    .26332E+01    .70952E-06   -.76445E-06    .13562E+00
    8.00    .34368E+03    .25362E+01    .72249E-06   -.76557E-06    .13907E+00
    8.20    .27513E+03    .24395E+01    .73399E-06   -.87367E-06    .14253E+00
    8.40    .22057E+03    .23435E+01    .74435E-06   -.97826E-06    .14598E+00
    8.60    .17718E+03    .22484E+01    .75409E-06   -.99211E-06    .14943E+00
    8.80    .14271E+03    .21545E+01    .76398E-06   -.10458E-05    .15288E+00
    9.00    .11534E+03    .20620E+01    .77499E-06   -.11728E-05    .15632E+00
    9.20    .93631E+02    .19714E+01    .78837E-06   -.12404E-05    .15977E+00
    9.40    .76406E+02    .18831E+01    .80556E-06   -.12615E-05    .16321E+00
    9.60    .62738E+02    .17975E+01    .82812E-06   -.13449E-05    .16665E+00
    9.80    .51881E+02    .17150E+01    .85765E-06   -.14370E-05    .17009E+00
   10.00    .43240E+02    .16359E+01    .89556E-06   -.14603E-05    .17353E+00
   10.20    .36344E+02    .15604E+01    .94293E-06   -.14815E-05    .17696E+00
   10.40    .30816E+02    .14888E+01    .10004E-05   -.15347E-05    .18039E+00
   10.60    .26359E+02    .14209E+01    .10679E-05   -.15547E-05    .18382E+00
   10.80    .22740E+02    .13568E+01    .11448E-05   -.15393E-05    .18725E+00
   11.00    .19775E+02    .12961E+01    .12299E-05   -.15331E-05    .19067E+00
   11.20    .17319E+02    .12385E+01    .13217E-05   -.15225E-05    .19410E+00
   11.40    .15263E+02    .11836E+01    .14182E-05   -.14915E-05    .19752E+00
   11.60    .13518E+02    .11309E+01    .15177E-05   -.14577E-05    .20094E+00
   11.80    .12020E+02    .10799E+01    .16183E-05   -.14192E-05    .20435E+00
   12.00    .10717E+02    .10301E+01    .17184E-05   -.13745E-05    .20777E+00
   12.20    .95714E+01    .98098E+00    .18166E-05   -.13404E-05    .21118E+00
   12.40    .85534E+01    .93214E+00    .19120E-05   -.13044E-05    .21458E+00
   12.60    .76413E+01    .88317E+00    .20036E-05   -.12540E-05    .21799E+00
   12.80    .68188E+01    .83371E+00    .20908E-05   -.12193E-05    .22139E+00
   13.00    .60736E+01    .78345E+00    .21731E-05   -.12046E-05    .22479E+00
   13.20    .53965E+01    .73212E+00    .22502E-05   -.11723E-05    .22819E+00
   13.40    .47805E+01    .67948E+00    .23219E-05   -.11356E-05    .23159E+00
   13.60    .42201E+01    .62533E+00    .23877E-05   -.11346E-05    .23498E+00
   13.80    .37110E+01    .56949E+00    .24476E-05   -.11401E-05    .23837E+00
   14.00    .32495E+01    .51181E+00    .25013E-05   -.11202E-05    .24175E+00
   14.20    .28325E+01    .45217E+00    .25486E-05   -.11217E-05    .24514E+00
   14.40    .24573E+01    .39045E+00    .25891E-05   -.11643E-05    .24852E+00
   14.60    .21211E+01    .32656E+00    .26225E-05   -.11929E-05    .25189E+00
   14.80    .18214E+01    .26041E+00    .26484E-05   -.12096E-05    .25527E+00
   15.00    .15558E+01    .19195E+00    .26666E-05   -.12785E-05    .25864E+00
E=750
    2.00    .66919E+06    .58255E+01    .54153E-07   -.14039E-06    .34877E-01
    2.20    .44787E+06    .56511E+01    .71723E-07    .31142E-06    .38361E-01
    2.40    .30837E+06    .54891E+01    .91031E-07    .93573E-07    .41847E-01
    2.60    .21728E+06    .53370E+01    .11191E-06   -.34307E-06    .45333E-01
    2.80    .15603E+06    .51932E+01    .13422E-06   -.30796E-07    .48817E-01
    3.00    .11383E+06    .50563E+01    .15781E-06    .22158E-06    .52300E-01
    3.20    .84151E+05    .49251E+01    .18255E-06   -.13660E-06    .55784E-01
    3.40    .62900E+05    .47987E+01    .20831E-06   -.25685E-06    .59267E-01
    3.60    .47456E+05    .46763E+01    .23497E-06    .40119E-07    .62748E-01
    3.80    .36088E+05    .45574E+01    .26241E-06    .13104E-07    .66229E-01
    4.00    .27625E+05    .44413E+01    .29051E-06   -.25428E-06    .69710E-01
    4.20    .21265E+05    .43277E+01    .31913E-06   -.18515E-06    .73189E-01
    4.40    .16446E+05    .42161E+01    .34814E-06   -.25823E-07    .76668E-01
    4.60    .12768E+05    .41061E+01    .37741E-06   -.17703E-06    .80145E-01
    4.80    .99446E+04    .39976E+01    .40679E-06   -.30910E-06    .83622E-01
    5.00    .77656E+04    .38902E+01    .43613E-06   -.18724E-06    .87098E-01
    5.20    .60765E+04    .37837E+01    .46526E-06   -.16586E-06    .90572E-01
    5.40    .47624E+04    .36778E+01    .49400E-06   -.33554E-06    .94046E-01
    5.60    .37371E+04    .35725E+01    .52218E-06   -.36008E-06    .97518E-01
    5.80    .29350E+04    .34676E+01    .54958E-06   -.26751E-06    .10099E+00
    6.00    .23064E+04    .33629E+01    .57602E-06   -.34682E-06    .10446E+00
    6.20    .18131E+04    .32584E+01    .60128E-06   -.48034E-06    .10793E+00
    6.40    .14256E+04    .31540E+01    .62515E-06   -.44648E-06    .11140E+00
    6.60    .11210E+04    .30496E+01    .64744E-06   -.42475E-06    .11486E+00
    6.80    .88154E+03    .29452E+01    .66796E-06   -.55937E-06    .11833E+00
    7.00    .69332E+03    .28409E+01    .68658E-06   -.63826E-06    .12179E+00
    7.20    .54544E+03    .27367E+01    .70323E-06   -.59885E-06    .12525E+00
    7.40    .42933E+03    .26328E+01    .71793E-06   -.65928E-06    .12871E+00
    7.60    .33825E+03    .25292E+01    .73083E-06   -.80477E-06    .13217E+00
    7.80    .26686E+03    .24263E+01    .74227E-06   -.83678E-06    .13563E+00
    8.00    .21098E+03    .23242E+01    .75282E-06   -.83594E-06    .13908E+00
    8.20    .16728E+03    .22235E+01    .76333E-06   -.95802E-06    .14253E+00
    8.40    .13314E+03    .21243E+01    .77496E-06   -.10730E-05    .14599E+00
    8.60    .10648E+03    .20273E+01    .78919E-06   -.10805E-05    .14944E+00
    8.80    .85677E+02    .19329E+01    .80777E-06   -.11294E-05    .15288E+00
    9.00    .69429E+02    .18415E+01    .83264E-06   -.12528E-05    .15633E+00
    9.20    .56726E+02    .17538E+01    .86572E-06   -.13038E-05    .15978E+00
    9.40    .46771E+02    .16700E+01    .90870E-06   -.13008E-05    .16322E+00
    9.60    .38941E+02    .15904E+01    .96277E-06   -.13536E-05    .16666E+00
    9.80    .32750E+02    .15152E+01    .10285E-05   -.14049E-05    .17010E+00
   10.00    .27818E+02    .14443E+01    .11055E-05   -.13887E-05    .17353E+00
   10.20    .23854E+02    .13776E+01    .11927E-05   -.13694E-05    .17697E+00
   10.40    .20632E+02    .13145E+01    .12884E-05   -.13694E-05    .18040E+00
   10.60    .17980E+02    .12548E+01    .13904E-05   -.13433E-05    .18383E+00
   10.80    .15766E+02    .11977E+01    .14964E-05   -.12999E-05    .18726E+00
   11.00    .13891E+02    .11427E+01    .16042E-05   -.12613E-05    .19068E+00
   11.20    .12280E+02    .10892E+01    .17117E-05   -.12156E-05    .19411E+00
   11.40    .10878E+02    .10365E+01    .18172E-05   -.11717E-05    .19753E+00
   11.60    .96431E+01    .98422E+00    .19195E-05   -.11361E-05    .20095E+00
   11.80    .85453E+01    .93173E+00    .20173E-05   -.10866E-05    .20436E+00
   12.00    .75621E+01    .87864E+00    .21101E-05   -.10376E-05    .20777E+00
   12.20    .66770E+01    .82458E+00    .21972E-05   -.10171E-05    .21119E+00
   12.40    .58780E+01    .76923E+00    .22781E-05   -.99241E-06    .21459E+00
   12.60    .51558E+01    .71230E+00    .23527E-05   -.94490E-06    .21800E+00
   12.80    .45035E+01    .65355E+00    .24205E-05   -.92410E-06    .22140E+00
   13.00    .39156E+01    .59280E+00    .24813E-05   -.93261E-06    .22480E+00
   13.20    .33873E+01    .52986E+00    .25348E-05   -.91310E-06    .22820E+00
   13.40    .29146E+01    .46458E+00    .25807E-05   -.88611E-06    .23160E+00
   13.60    .24937E+01    .39685E+00    .26186E-05   -.90972E-06    .23499E+00
   13.80    .21211E+01    .32656E+00    .26480E-05   -.94074E-06    .23838E+00
   14.00    .17932E+01    .25363E+00    .26685E-05   -.93272E-06    .24176E+00
   14.20    .15066E+01    .17801E+00    .26796E-05   -.95336E-06    .24515E+00
   14.40    .12580E+01    .99690E-01    .26807E-05   -.10325E-05    .24853E+00
   14.60    .10440E+01    .18696E-01    .26715E-05   -.10880E-05    .25191E+00
   14.80    .86123E+00   -.64882E-01    .26520E-05   -.11216E-05    .25528E+00
   15.00    .70654E+00   -.15087E+00    .26223E-05   -.12296E-05    .25865E+00
E=800
    2.00    .57997E+06    .57634E+01    .65467E-07   -.13168E-06    .34879E-01
    2.20    .38623E+06    .55869E+01    .85479E-07    .30040E-06    .38363E-01
    2.40    .26446E+06    .54224E+01    .10733E-06    .86845E-07    .41849E-01
    2.60    .18519E+06    .52676E+01    .13083E-06   -.34261E-06    .45335E-01
    2.80    .13210E+06    .51209E+01    .15582E-06   -.32578E-07    .48819E-01
    3.00    .95670E+05    .49808E+01    .18212E-06    .22006E-06    .52303E-01
    3.20    .70168E+05    .48461E+01    .20959E-06   -.13896E-06    .55787E-01
    3.40    .52008E+05    .47161E+01    .23808E-06   -.26005E-06    .59269E-01
    3.60    .38888E+05    .45898E+01    .26744E-06    .43299E-07    .62751E-01
    3.80    .29291E+05    .44667E+01    .29751E-06    .17570E-07    .66232E-01
    4.00    .22197E+05    .43463E+01    .32815E-06   -.25663E-06    .69713E-01
    4.20    .16905E+05    .42280E+01    .35919E-06   -.18338E-06    .73192E-01
    4.40    .12928E+05    .41115E+01    .39045E-06   -.14143E-07    .76671E-01
    4.60    .99197E+04    .39965E+01    .42178E-06   -.17055E-06    .80149E-01
    4.80    .76314E+04    .38826E+01    .45295E-06   -.30836E-06    .83626E-01
    5.00    .58830E+04    .37696E+01    .48378E-06   -.17486E-06    .87101E-01
    5.20    .45421E+04    .36573E+01    .51405E-06   -.14763E-06    .90576E-01
    5.40    .35106E+04    .35454E+01    .54351E-06   -.32814E-06    .94050E-01
    5.60    .27154E+04    .34338E+01    .57192E-06   -.35099E-06    .97522E-01
    5.80    .21013E+04    .33225E+01    .59904E-06   -.24332E-06    .10099E+00
    6.00    .16264E+04    .32112E+01    .62461E-06   -.32570E-06    .10446E+00
    6.20    .12590E+04    .31000E+01    .64840E-06   -.46976E-06    .10793E+00
    6.40    .97469E+03    .29889E+01    .67017E-06   -.42447E-06    .11140E+00
    6.60    .75468E+03    .28778E+01    .68979E-06   -.39125E-06    .11487E+00
    6.80    .58454E+03    .27668E+01    .70716E-06   -.53670E-06    .11833E+00
    7.00    .45306E+03    .26562E+01    .72234E-06   -.61765E-06    .12179E+00
    7.20    .35157E+03    .25460E+01    .73557E-06   -.56001E-06    .12526E+00
    7.40    .27331E+03    .24367E+01    .74734E-06   -.61646E-06    .12872E+00
    7.60    .21305E+03    .23285E+01    .75846E-06   -.76953E-06    .13217E+00
    7.80    .16669E+03    .22219E+01    .77012E-06   -.78811E-06    .13563E+00
    8.00    .13107E+03    .21175E+01    .78392E-06   -.76636E-06    .13909E+00
    8.20    .10371E+03    .20158E+01    .80185E-06   -.88082E-06    .14254E+00
    8.40    .82688E+02    .19174E+01    .82619E-06   -.98070E-06    .14599E+00
    8.60    .66523E+02    .18230E+01    .85929E-06   -.95815E-06    .14944E+00
    8.80    .54062E+02    .17329E+01    .90327E-06   -.97756E-06    .15289E+00
    9.00    .44420E+02    .16476E+01    .95972E-06   -.10670E-05    .15634E+00
    9.20    .36915E+02    .15672E+01    .10294E-05   -.10795E-05    .15978E+00
    9.40    .31026E+02    .14917E+01    .11118E-05   -.10431E-05    .16322E+00
    9.60    .26357E+02    .14209E+01    .12058E-05   -.10562E-05    .16667E+00
    9.80    .22608E+02    .13543E+01    .13092E-05   -.10653E-05    .17010E+00
   10.00    .19553E+02    .12912E+01    .14193E-05   -.10285E-05    .17354E+00
   10.20    .17023E+02    .12310E+01    .15332E-05   -.99647E-06    .17697E+00
   10.40    .14893E+02    .11730E+01    .16484E-05   -.97444E-06    .18041E+00
   10.60    .13072E+02    .11164E+01    .17625E-05   -.94183E-06    .18384E+00
   10.80    .11493E+02    .10604E+01    .18736E-05   -.91502E-06    .18727E+00
   11.00    .10106E+02    .10046E+01    .19803E-05   -.88729E-06    .19069E+00
   11.20    .88770E+01    .94827E+00    .20815E-05   -.84806E-06    .19411E+00
   11.40    .77802E+01    .89099E+00    .21764E-05   -.82983E-06    .19754E+00
   11.60    .67974E+01    .83234E+00    .22645E-05   -.82740E-06    .20095E+00
   11.80    .59153E+01    .77198E+00    .23453E-05   -.79817E-06    .20437E+00
   12.00    .51239E+01    .70960E+00    .24185E-05   -.77228E-06    .20778E+00
   12.20    .44152E+01    .64495E+00    .24837E-05   -.79113E-06    .21119E+00
   12.40    .37829E+01    .57783E+00    .25406E-05   -.80149E-06    .21460E+00
   12.60    .32214E+01    .50805E+00    .25888E-05   -.77735E-06    .21801E+00
   12.80    .27256E+01    .43546E+00    .26278E-05   -.79261E-06    .22141E+00
   13.00    .22906E+01    .35995E+00    .26571E-05   -.85064E-06    .22481E+00
   13.20    .19117E+01    .28143E+00    .26761E-05   -.86820E-06    .22821E+00
   13.40    .15843E+01    .19984E+00    .26841E-05   -.87597E-06    .23161E+00
   13.60    .13037E+01    .11519E+00    .26806E-05   -.96098E-06    .23500E+00
   13.80    .10654E+01    .27533E-01    .26653E-05   -.10609E-05    .23839E+00
   14.00    .86502E+00   -.62972E-01    .26383E-05   -.11060E-05    .24177E+00
   14.20    .69816E+00   -.15604E+00    .26003E-05   -.12000E-05    .24516E+00
   14.40    .56075E+00   -.25123E+00    .25535E-05   -.13914E-05    .24854E+00
   14.60    .44892E+00   -.34783E+00    .25018E-05   -.15519E-05    .25192E+00
   14.80    .35904E+00   -.44486E+00    .24520E-05   -.16820E-05    .25529E+00
   15.00    .28777E+00   -.54095E+00    .24144E-05   -.19291E-05    .25866E+00
E=850
    2.00    .50557E+06    .57038E+01    .77549E-07   -.12204E-06    .34880E-01
    2.20    .33488E+06    .55249E+01    .10007E-06    .29038E-06    .38364E-01
    2.40    .22792E+06    .53578E+01    .12453E-06    .81027E-07    .41850E-01
    2.60    .15856E+06    .52002E+01    .15070E-06   -.34187E-06    .45337E-01
    2.80    .11229E+06    .50503E+01    .17840E-06   -.33716E-07    .48821E-01
    3.00    .80688E+05    .49068E+01    .20744E-06    .21971E-06    .52305E-01
    3.20    .58684E+05    .47685E+01    .23763E-06   -.14135E-06    .55789E-01
    3.40    .43106E+05    .46345E+01    .26881E-06   -.26413E-06    .59272E-01
    3.60    .31924E+05    .45041E+01    .30079E-06    .46452E-07    .62753E-01
    3.80    .23802E+05    .43766E+01    .33339E-06    .21537E-07    .66235E-01
    4.00    .17844E+05    .42515E+01    .36641E-06   -.26179E-06    .69715E-01
    4.20    .13436E+05    .41283E+01    .39965E-06   -.18478E-06    .73195E-01
    4.40    .10153E+05    .40066E+01    .43289E-06   -.50245E-08    .76674E-01
    4.60    .76932E+04    .38861E+01    .46588E-06   -.16908E-06    .80152E-01
    4.80    .58413E+04    .37665E+01    .49839E-06   -.31555E-06    .83629E-01
    5.00    .44417E+04    .36476E+01    .53013E-06   -.17022E-06    .87104E-01
    5.20    .33810E+04    .35290E+01    .56083E-06   -.13824E-06    .90579E-01
    5.40    .25752E+04    .34108E+01    .59018E-06   -.33449E-06    .94053E-01
    5.60    .19621E+04    .32927E+01    .61789E-06   -.35848E-06    .97526E-01
    5.80    .14952E+04    .31747E+01    .64366E-06   -.23601E-06    .10100E+00
    6.00    .11395E+04    .30567E+01    .66722E-06   -.32603E-06    .10447E+00
    6.20    .86854E+03    .29388E+01    .68837E-06   -.48740E-06    .10794E+00
    6.40    .66225E+03    .28210E+01    .70700E-06   -.43323E-06    .11140E+00
    6.60    .50534E+03    .27036E+01    .72316E-06   -.39160E-06    .11487E+00
    6.80    .38611E+03    .25867E+01    .73714E-06   -.55575E-06    .11833E+00
    7.00    .29565E+03    .24708E+01    .74953E-06   -.64508E-06    .12180E+00
    7.20    .22709E+03    .23562E+01    .76136E-06   -.57274E-06    .12526E+00
    7.40    .17522E+03    .22436E+01    .77413E-06   -.63080E-06    .12872E+00
    7.60    .13599E+03    .21335E+01    .78986E-06   -.79644E-06    .13218E+00
    7.80    .10635E+03    .20267E+01    .81106E-06   -.80518E-06    .13564E+00
    8.00    .83930E+02    .19239E+01    .84050E-06   -.76717E-06    .13909E+00
    8.20    .66951E+02    .18258E+01    .88094E-06   -.87368E-06    .14255E+00
    8.40    .54046E+02    .17328E+01    .93465E-06   -.95628E-06    .14600E+00
    8.60    .44185E+02    .16453E+01    .10030E-05   -.91066E-06    .14945E+00
    8.80    .36587E+02    .15633E+01    .10861E-05   -.90649E-06    .15290E+00
    9.00    .30671E+02    .14867E+01    .11828E-05   -.96205E-06    .15634E+00
    9.20    .26001E+02    .14150E+01    .12907E-05   -.94766E-06    .15979E+00
    9.40    .22255E+02    .13474E+01    .14068E-05   -.89905E-06    .16323E+00
    9.60    .19197E+02    .12832E+01    .15277E-05   -.88896E-06    .16667E+00
    9.80    .16653E+02    .12215E+01    .16502E-05   -.87384E-06    .17011E+00
   10.00    .14499E+02    .11613E+01    .17714E-05   -.83880E-06    .17355E+00
   10.20    .12646E+02    .11020E+01    .18892E-05   -.81279E-06    .17698E+00
   10.40    .11030E+02    .10426E+01    .20018E-05   -.78244E-06    .18041E+00
   10.60    .96068E+01    .98258E+00    .21080E-05   -.75346E-06    .18384E+00
   10.80    .83442E+01    .92139E+00    .22070E-05   -.74857E-06    .18727E+00
   11.00    .72198E+01    .85852E+00    .22980E-05   -.73283E-06    .19070E+00
   11.20    .62173E+01    .79360E+00    .23807E-05   -.69735E-06    .19412E+00
   11.40    .53245E+01    .72628E+00    .24546E-05   -.69984E-06    .19754E+00
   11.60    .45320E+01    .65629E+00    .25193E-05   -.72495E-06    .20096E+00
   11.80    .38317E+01    .58339E+00    .25744E-05   -.70761E-06    .20438E+00
   12.00    .32166E+01    .50739E+00    .26193E-05   -.69594E-06    .20779E+00
   12.20    .26800E+01    .42814E+00    .26533E-05   -.75055E-06    .21120E+00
   12.40    .22157E+01    .34551E+00    .26759E-05   -.79300E-06    .21461E+00
   12.60    .18174E+01    .25944E+00    .26862E-05   -.78568E-06    .21802E+00
   12.80    .14788E+01    .16991E+00    .26837E-05   -.83844E-06    .22142E+00
   13.00    .11939E+01    .76981E-01    .26678E-05   -.95832E-06    .22482E+00
   13.20    .95683E+00   -.19164E-01    .26387E-05   -.10207E-05    .22822E+00
   13.40    .76175E+00   -.11819E+00    .25973E-05   -.10711E-05    .23161E+00
   13.60    .60322E+00   -.21952E+00    .25462E-05   -.12447E-05    .23501E+00
   13.80    .47610E+00   -.32230E+00    .24908E-05   -.14441E-05    .23840E+00
   14.00    .37562E+00   -.42525E+00    .24398E-05   -.15550E-05    .24178E+00
   14.20    .29743E+00   -.52661E+00    .24071E-05   -.17331E-05    .24517E+00
   14.40    .23759E+00   -.62417E+00    .24109E-05   -.20364E-05    .24855E+00
   14.60    .19263E+00   -.71529E+00    .24727E-05   -.22452E-05    .25192E+00
   14.80    .15948E+00   -.79730E+00    .26110E-05   -.23478E-05    .25530E+00
   15.00    .13553E+00   -.86798E+00    .28348E-05   -.25194E-05    .25867E+00
E=900 
    2.00    .44287E+06    .56463E+01    .90353E-07   -.11189E-06    .34881E-01
    2.20    .29167E+06    .54649E+01    .11545E-06    .28107E-06    .38365E-01
    2.40    .19724E+06    .52950E+01    .14256E-06    .75758E-07    .41852E-01
    2.60    .13625E+06    .51343E+01    .17143E-06   -.34124E-06    .45338E-01
    2.80    .95749E+05    .49811E+01    .20186E-06   -.34437E-07    .48822E-01
    3.00    .68234E+05    .48340E+01    .23363E-06    .22031E-06    .52306E-01
    3.20    .49184E+05    .46918E+01    .26652E-06   -.14402E-06    .55790E-01
    3.40    .35784E+05    .45537E+01    .30033E-06   -.26913E-06    .59274E-01
    3.60    .26232E+05    .44188E+01    .33484E-06    .49897E-07    .62755E-01
    3.80    .19348E+05    .42866E+01    .36980E-06    .25418E-07    .66237E-01
    4.00    .14339E+05    .41565E+01    .40499E-06   -.26922E-06    .69718E-01
    4.20    .10667E+05    .40281E+01    .44014E-06   -.18826E-06    .73197E-01
    4.40    .79590E+04    .39009E+01    .47496E-06    .32765E-08    .76676E-01
    4.60    .59509E+04    .37746E+01    .50915E-06   -.17066E-06    .80154E-01
    4.80    .44561E+04    .36490E+01    .54239E-06   -.32824E-06    .83631E-01
    5.00    .33399E+04    .35237E+01    .57433E-06   -.16968E-06    .87107E-01
    5.20    .25048E+04    .33988E+01    .60461E-06   -.13312E-06    .90582E-01
    5.40    .18789E+04    .32739E+01    .63289E-06   -.34951E-06    .94056E-01
    5.60    .14096E+04    .31491E+01    .65883E-06   -.37607E-06    .97529E-01
    5.80    .10577E+04    .30243E+01    .68215E-06   -.23710E-06    .10100E+00
    6.00    .79381E+03    .28997E+01    .70268E-06   -.33789E-06    .10447E+00
    6.20    .59620E+03    .27754E+01    .72041E-06   -.52139E-06    .10794E+00
    6.40    .44837E+03    .26516E+01    .73560E-06   -.45781E-06    .11141E+00
    6.60    .33795E+03    .25288E+01    .74890E-06   -.40758E-06    .11487E+00
    6.80    .25559E+03    .24075E+01    .76144E-06   -.59381E-06    .11834E+00
    7.00    .19425E+03    .22884E+01    .77495E-06   -.69164E-06    .12180E+00
    7.20    .14861E+03    .21720E+01    .79184E-06   -.60242E-06    .12526E+00
    7.40    .11467E+03    .20595E+01    .81506E-06   -.65950E-06    .12872E+00
    7.60    .89415E+02    .19514E+01    .84794E-06   -.82996E-06    .13218E+00
    7.80    .70578E+02    .18487E+01    .89365E-06   -.82218E-06    .13564E+00
    8.00    .56470E+02    .17518E+01    .95471E-06   -.76421E-06    .13910E+00
    8.20    .45831E+02    .16612E+01    .10324E-05   -.84983E-06    .14255E+00
    8.40    .37727E+02    .15767E+01    .11262E-05   -.90299E-06    .14600E+00
    8.60    .31472E+02    .14979E+01    .12343E-05   -.83678E-06    .14945E+00
    8.80    .26564E+02    .14243E+01    .13535E-05   -.81083E-06    .15290E+00
    9.00    .22639E+02    .13549E+01    .14798E-05   -.83063E-06    .15635E+00
    9.20    .19436E+02    .12886E+01    .16093E-05   -.79753E-06    .15979E+00
    9.40    .16767E+02    .12245E+01    .17384E-05   -.74894E-06    .16324E+00
    9.60    .14503E+02    .11615E+01    .18644E-05   -.72372E-06    .16668E+00
    9.80    .12550E+02    .10987E+01    .19849E-05   -.69132E-06    .17012E+00
   10.00    .10846E+02    .10353E+01    .20985E-05   -.66337E-06    .17355E+00
   10.20    .93460E+01    .97062E+00    .22040E-05   -.64510E-06    .17699E+00
   10.40    .80195E+01    .90415E+00    .23007E-05   -.60461E-06    .18042E+00
   10.60    .68449E+01    .83537E+00    .23880E-05   -.57391E-06    .18385E+00
   10.80    .58062E+01    .76389E+00    .24654E-05   -.58349E-06    .18728E+00
   11.00    .48909E+01    .68939E+00    .25324E-05   -.56889E-06    .19070E+00
   11.20    .40889E+01    .61160E+00    .25885E-05   -.52146E-06    .19413E+00
   11.40    .33908E+01    .53030E+00    .26330E-05   -.52931E-06    .19755E+00
   11.60    .27881E+01    .44531E+00    .26651E-05   -.56647E-06    .20097E+00
   11.80    .22725E+01    .35651E+00    .26841E-05   -.53653E-06    .20438E+00
   12.00    .18359E+01    .26384E+00    .26890E-05   -.51067E-06    .20780E+00
   12.20    .14700E+01    .16731E+00    .26791E-05   -.57896E-06    .21121E+00
   12.40    .11670E+01    .67065E-01    .26543E-05   -.62406E-06    .21462E+00
   12.60    .91920E+00   -.36590E-01    .26151E-05   -.58667E-06    .21802E+00
   12.80    .71928E+00   -.14310E+00    .25638E-05   -.63373E-06    .22143E+00
   13.00    .56032E+00   -.25157E+00    .25054E-05   -.77643E-06    .22483E+00
   13.20    .43589E+00   -.36062E+00    .24492E-05   -.81672E-06    .22823E+00
   13.40    .34015E+00   -.46833E+00    .24102E-05   -.82284E-06    .23162E+00
   13.60    .26784E+00   -.57212E+00    .24095E-05   -.99790E-06    .23501E+00
   13.80    .21432E+00   -.66895E+00    .24721E-05   -.11754E-05    .23840E+00
   14.00    .17554E+00   -.75562E+00    .26205E-05   -.11882E-05    .24179E+00
   14.20    .14807E+00   -.82954E+00    .28646E-05   -.12581E-05    .24517E+00
   14.40    .12901E+00   -.88938E+00    .31941E-05   -.14262E-05    .24855E+00
   14.60    .11600E+00   -.93554E+00    .35788E-05   -.14533E-05    .25193E+00
   14.80    .10714E+00   -.97005E+00    .39795E-05   -.13933E-05    .25531E+00
   15.00    .10094E+00   -.99593E+00    .43611E-05   -.14073E-05    .25868E+00
E=950 
    2.00    .38958E+06    .55906E+01    .10383E-06   -.10098E-06    .34882E-01
    2.20    .25500E+06    .54065E+01    .13155E-06    .27279E-06    .38366E-01
    2.40    .17127E+06    .52337E+01    .16135E-06    .71653E-07    .41853E-01
    2.60    .11743E+06    .50698E+01    .19296E-06   -.33994E-06    .45340E-01
    2.80    .81849E+05    .49130E+01    .22612E-06   -.33709E-07    .48824E-01
    3.00    .57816E+05    .47620E+01    .26059E-06    .22367E-06    .52308E-01
    3.20    .41281E+05    .46158E+01    .29613E-06   -.14457E-06    .55792E-01
    3.40    .29731E+05    .44732E+01    .33247E-06   -.27231E-06    .59275E-01
    3.60    .21560E+05    .43337E+01    .36934E-06    .57407E-07    .62757E-01
    3.80    .15720E+05    .41965E+01    .40647E-06    .34340E-07    .66239E-01
    4.00    .11510E+05    .40611E+01    .44354E-06   -.27296E-06    .69720E-01
    4.20    .84540E+04    .39271E+01    .48022E-06   -.18659E-06    .73200E-01
    4.40    .62234E+04    .37940E+01    .51614E-06    .20171E-07    .76678E-01
    4.60    .45884E+04    .36617E+01    .55093E-06   -.16398E-06    .80157E-01
    4.80    .33861E+04    .35297E+01    .58418E-06   -.33346E-06    .83634E-01
    5.00    .25001E+04    .33980E+01    .61547E-06   -.15734E-06    .87110E-01
    5.20    .18464E+04    .32663E+01    .64439E-06   -.11287E-06    .90585E-01
    5.40    .13637E+04    .31347E+01    .67056E-06   -.35097E-06    .94059E-01
    5.60    .10074E+04    .30032E+01    .69372E-06   -.37798E-06    .97532E-01
    5.80    .74462E+03    .28719E+01    .71374E-06   -.21579E-06    .10100E+00
    6.00    .55099E+03    .27411E+01    .73078E-06   -.32545E-06    .10447E+00
    6.20    .40856E+03    .26113E+01    .74540E-06   -.53073E-06    .10794E+00
    6.40    .30395E+03    .24828E+01    .75872E-06   -.45132E-06    .11141E+00
    6.60    .22726E+03    .23565E+01    .77258E-06   -.38591E-06    .11488E+00
    6.80    .17110E+03    .22332E+01    .78959E-06   -.58955E-06    .11834E+00
    7.00    .13000E+03    .21140E+01    .81314E-06   -.68847E-06    .12181E+00
    7.20    .99913E+02    .19996E+01    .84707E-06   -.57637E-06    .12527E+00
    7.40    .77830E+02    .18911E+01    .89516E-06   -.62488E-06    .12873E+00
    7.60    .61548E+02    .17892E+01    .96035E-06   -.78737E-06    .13219E+00
    7.80    .49450E+02    .16942E+01    .10440E-05   -.76093E-06    .13564E+00
    8.00    .40357E+02    .16059E+01    .11456E-05   -.68955E-06    .13910E+00
    8.20    .33419E+02    .15240E+01    .12624E-05   -.75409E-06    .14255E+00
    8.40    .28023E+02    .14475E+01    .13906E-05   -.78565E-06    .14601E+00
    8.60    .23735E+02    .13754E+01    .15255E-05   -.72224E-06    .14946E+00
    8.80    .20248E+02    .13064E+01    .16625E-05   -.69714E-06    .15291E+00
    9.00    .17350E+02    .12393E+01    .17978E-05   -.70260E-06    .15635E+00
    9.20    .14894E+02    .11730E+01    .19283E-05   -.67624E-06    .15980E+00
    9.40    .12779E+02    .11065E+01    .20519E-05   -.65203E-06    .16324E+00
    9.60    .10937E+02    .10389E+01    .21669E-05   -.63327E-06    .16668E+00
    9.80    .93220E+01    .96951E+00    .22724E-05   -.60317E-06    .17012E+00
   10.00    .79016E+01    .89771E+00    .23676E-05   -.60006E-06    .17356E+00
   10.20    .66533E+01    .82303E+00    .24519E-05   -.60618E-06    .17699E+00
   10.40    .55599E+01    .74507E+00    .25247E-05   -.56950E-06    .18042E+00
   10.60    .46078E+01    .66349E+00    .25854E-05   -.55069E-06    .18386E+00
   10.80    .37847E+01    .57803E+00    .26333E-05   -.59239E-06    .18728E+00
   11.00    .30795E+01    .48847E+00    .26675E-05   -.59459E-06    .19071E+00
   11.20    .24813E+01    .39468E+00    .26869E-05   -.54662E-06    .19413E+00
   11.40    .19796E+01    .29657E+00    .26907E-05   -.58016E-06    .19755E+00
   11.60    .15638E+01    .19419E+00    .26779E-05   -.65718E-06    .20097E+00
   11.80    .12238E+01    .87706E-01    .26485E-05   -.63220E-06    .20439E+00
   12.00    .94959E+00   -.22464E-01    .26034E-05   -.61166E-06    .20780E+00
   12.20    .73184E+00   -.13558E+00    .25460E-05   -.73598E-06    .21121E+00
   12.40    .56177E+00   -.25044E+00    .24837E-05   -.82352E-06    .21462E+00
   12.60    .43131E+00   -.36521E+00    .24295E-05   -.77859E-06    .21803E+00
   12.80    .33319E+00   -.47731E+00    .24041E-05   -.86032E-06    .22143E+00
   13.00    .26095E+00   -.58344E+00    .24350E-05   -.10731E-05    .22483E+00
   13.20    .20900E+00   -.67986E+00    .25513E-05   -.11109E-05    .22823E+00
   13.40    .17254E+00   -.76312E+00    .27724E-05   -.10863E-05    .23163E+00
   13.60    .14757E+00   -.83102E+00    .30952E-05   -.12437E-05    .23502E+00
   13.80    .13080E+00   -.88338E+00    .34909E-05   -.13522E-05    .23841E+00
   14.00    .11964E+00   -.92213E+00    .39146E-05   -.12883E-05    .24180E+00
   14.20    .11204E+00   -.95063E+00    .43232E-05   -.12841E-05    .24518E+00
   14.40    .10648E+00   -.97272E+00    .46873E-05   -.13465E-05    .24856E+00
   14.60    .10187E+00   -.99194E+00    .49941E-05   -.13359E-05    .25194E+00
   14.80    .97470E-01   -.10111E+01    .52423E-05   -.13107E-05    .25531E+00
   15.00    .92818E-01   -.10324E+01    .54368E-05   -.13335E-05    .25869E+00
E=1000 
    2.00    .34392E+06    .55365E+01    .11795E-06   -.90467E-07    .34883E-01
    2.20    .22365E+06    .53496E+01    .14834E-06    .26428E-06    .38367E-01
    2.40    .14913E+06    .51736E+01    .18085E-06    .66914E-07    .41854E-01
    2.60    .10144E+06    .50062E+01    .21519E-06   -.34023E-06    .45341E-01
    2.80    .70097E+05    .48457E+01    .25107E-06   -.34084E-07    .48825E-01
    3.00    .49055E+05    .46907E+01    .28821E-06    .22639E-06    .52309E-01
    3.20    .34677E+05    .45400E+01    .32630E-06   -.14739E-06    .55794E-01
    3.40    .24708E+05    .43928E+01    .36503E-06   -.27856E-06    .59277E-01
    3.60    .17714E+05    .42483E+01    .40409E-06    .63452E-07    .62759E-01
    3.80    .12760E+05    .41059E+01    .44310E-06    .41427E-07    .66240E-01
    4.00    .92237E+04    .39649E+01    .48169E-06   -.28115E-06    .69722E-01
    4.20    .66840E+04    .38250E+01    .51943E-06   -.18857E-06    .73201E-01
    4.40    .48515E+04    .36859E+01    .55588E-06    .35909E-07    .76680E-01
    4.60    .35249E+04    .35471E+01    .59055E-06   -.16053E-06    .80159E-01
    4.80    .25622E+04    .34086E+01    .62298E-06   -.34385E-06    .83636E-01
    5.00    .18629E+04    .32702E+01    .65267E-06   -.14609E-06    .87112E-01
    5.20    .13546E+04    .31318E+01    .67924E-06   -.91299E-07    .90587E-01
    5.40    .98526E+03    .29936E+01    .70239E-06   -.35377E-06    .94061E-01
    5.60    .71722E+03    .28557E+01    .72211E-06   -.37848E-06    .97534E-01
    5.80    .52297E+03    .27185E+01    .73875E-06   -.18518E-06    .10101E+00
    6.00    .38245E+03    .25826E+01    .75325E-06   -.30049E-06    .10448E+00
    6.20    .28098E+03    .24487E+01    .76732E-06   -.52340E-06    .10795E+00
    6.40    .20783E+03    .23177E+01    .78364E-06   -.41711E-06    .11141E+00
    6.60    .15515E+03    .21908E+01    .80582E-06   -.32543E-06    .11488E+00
    6.80    .11721E+03    .20690E+01    .83821E-06   -.53229E-06    .11834E+00
    7.00    .89826E+02    .19534E+01    .88529E-06   -.61459E-06    .12181E+00
    7.20    .69977E+02    .18450E+01    .95077E-06   -.46889E-06    .12527E+00
    7.40    .55472E+02    .17441E+01    .10366E-05   -.49446E-06    .12873E+00
    7.60    .44745E+02    .16507E+01    .11424E-05   -.62853E-06    .13219E+00
    7.80    .36679E+02    .15644E+01    .12653E-05   -.57947E-06    .13565E+00
    8.00    .30487E+02    .14841E+01    .14006E-05   -.49977E-06    .13910E+00
    8.20    .25617E+02    .14085E+01    .15430E-05   -.54237E-06    .14256E+00
    8.40    .21690E+02    .13363E+01    .16873E-05   -.55780E-06    .14601E+00
    8.60    .18446E+02    .12659E+01    .18290E-05   -.51041E-06    .14946E+00
    8.80    .15709E+02    .11962E+01    .19648E-05   -.49766E-06    .15291E+00
    9.00    .13363E+02    .11259E+01    .20924E-05   -.49949E-06    .15636E+00
    9.20    .11328E+02    .10542E+01    .22101E-05   -.49101E-06    .15980E+00
    9.40    .95541E+01    .98019E+00    .23168E-05   -.50244E-06    .16324E+00
    9.60    .80043E+01    .90332E+00    .24119E-05   -.50153E-06    .16669E+00
    9.80    .66533E+01    .82304E+00    .24945E-05   -.48508E-06    .17012E+00
   10.00    .54817E+01    .73892E+00    .25641E-05   -.52221E-06    .17356E+00
   10.20    .44732E+01    .65062E+00    .26198E-05   -.57181E-06    .17700E+00
   10.40    .36130E+01    .55787E+00    .26606E-05   -.55610E-06    .18043E+00
   10.60    .28871E+01    .46047E+00    .26854E-05   -.57199E-06    .18386E+00
   10.80    .22820E+01    .35831E+00    .26931E-05   -.68245E-06    .18729E+00
   11.00    .17840E+01    .25139E+00    .26827E-05   -.73743E-06    .19071E+00
   11.20    .13801E+01    .13990E+00    .26537E-05   -.72045E-06    .19414E+00
   11.40    .10575E+01    .24263E-01    .26072E-05   -.83158E-06    .19756E+00
   11.60    .80410E+00   -.94691E-01    .25469E-05   -.10129E-05    .20098E+00
   11.80    .60874E+00   -.21557E+00    .24811E-05   -.10331E-05    .20439E+00
   12.00    .46108E+00   -.33623E+00    .24255E-05   -.10495E-05    .20781E+00
   12.20    .35190E+00   -.45358E+00    .24049E-05   -.12654E-05    .21122E+00
   12.40    .27309E+00   -.56370E+00    .24520E-05   -.13729E-05    .21463E+00
   12.60    .21766E+00   -.66223E+00    .25996E-05   -.12246E-05    .21803E+00
   12.80    .17972E+00   -.74540E+00    .28653E-05   -.11790E-05    .22144E+00
   13.00    .15443E+00   -.81126E+00    .32365E-05   -.11945E-05    .22484E+00
   13.20    .13789E+00   -.86047E+00    .36712E-05   -.95158E-06    .22824E+00
   13.40    .12705E+00   -.89603E+00    .41159E-05   -.65350E-06    .23163E+00
   13.60    .11961E+00   -.92224E+00    .45262E-05   -.51080E-06    .23503E+00
   13.80    .11391E+00   -.94346E+00    .48777E-05   -.34711E-06    .23841E+00
   14.00    .10880E+00   -.96339E+00    .51636E-05   -.12354E-06    .24180E+00
   14.20    .10356E+00   -.98481E+00    .53873E-05    .29764E-07    .24519E+00
   14.40    .97803E-01   -.10096E+01    .55567E-05    .13669E-06    .24857E+00
   14.60    .91374E-01   -.10392E+01    .56800E-05    .25252E-06    .25194E+00
   14.80    .84294E-01   -.10742E+01    .57643E-05    .34619E-06    .25532E+00
   15.00    .76695E-01   -.11152E+01    .58149E-05    .42804E-06    .25869E+00
E=1050 
    2.00    .30453E+06    .54836E+01    .13266E-06   -.78991E-07    .34884E-01
    2.20    .19668E+06    .52938E+01    .16575E-06    .25694E-06    .38368E-01
    2.40    .13015E+06    .51144E+01    .20099E-06    .63268E-07    .41855E-01
    2.60    .87787E+05    .49434E+01    .23806E-06   -.34039E-06    .45342E-01
    2.80    .60114E+05    .47790E+01    .27663E-06   -.33968E-07    .48826E-01
    3.00    .41657E+05    .46197E+01    .31635E-06    .23061E-06    .52310E-01
    3.20    .29137E+05    .44644E+01    .35688E-06   -.15035E-06    .55795E-01
    3.40    .20527E+05    .43123E+01    .39783E-06   -.28661E-06    .59278E-01
    3.60    .14541E+05    .41626E+01    .43881E-06    .69084E-07    .62760E-01
    3.80    .10341E+05    .40146E+01    .47937E-06    .47628E-07    .66242E-01
    4.00    .73755E+04    .38678E+01    .51903E-06   -.29452E-06    .69723E-01
    4.20    .52697E+04    .37218E+01    .55728E-06   -.19688E-06    .73203E-01
    4.40    .37692E+04    .35762E+01    .59355E-06    .46509E-07    .76682E-01
    4.60    .26973E+04    .34309E+01    .62731E-06   -.16719E-06    .80161E-01
    4.80    .19306E+04    .32857E+01    .65800E-06   -.37120E-06    .83638E-01
    5.00    .13820E+04    .31405E+01    .68517E-06   -.15247E-06    .87114E-01
    5.20    .98977E+03    .29955E+01    .70856E-06   -.90607E-07    .90589E-01
    5.40    .70963E+03    .28510E+01    .72823E-06   -.38904E-06    .94063E-01
    5.60    .50992E+03    .27075E+01    .74477E-06   -.41974E-06    .97536E-01
    5.80    .36782E+03    .25656E+01    .75957E-06   -.20001E-06    .10101E+00
    6.00    .26692E+03    .24264E+01    .77502E-06   -.33257E-06    .10448E+00
    6.20    .19539E+03    .22909E+01    .79472E-06   -.58641E-06    .10795E+00
    6.40    .14470E+03    .21605E+01    .82330E-06   -.46502E-06    .11142E+00
    6.60    .10875E+03    .20364E+01    .86599E-06   -.36140E-06    .11488E+00
    6.80    .83150E+02    .19199E+01    .92756E-06   -.58035E-06    .11835E+00
    7.00    .64789E+02    .18115E+01    .10111E-05   -.65669E-06    .12181E+00
    7.20    .51464E+02    .17115E+01    .11170E-05   -.49977E-06    .12527E+00
    7.40    .41630E+02    .16194E+01    .12426E-05   -.51595E-06    .12873E+00
    7.60    .34210E+02    .15341E+01    .13831E-05   -.62785E-06    .13219E+00
    7.80    .28464E+02    .14543E+01    .15321E-05   -.57344E-06    .13565E+00
    8.00    .23892E+02    .13782E+01    .16837E-05   -.50039E-06    .13911E+00
    8.20    .20153E+02    .13043E+01    .18326E-05   -.52560E-06    .14256E+00
    8.40    .17026E+02    .12311E+01    .19750E-05   -.52719E-06    .14601E+00
    8.60    .14363E+02    .11573E+01    .21081E-05   -.49427E-06    .14946E+00
    8.80    .12069E+02    .10817E+01    .22301E-05   -.48645E-06    .15291E+00
    9.00    .10081E+02    .10035E+01    .23400E-05   -.47273E-06    .15636E+00
    9.20    .83563E+01    .92202E+00    .24368E-05   -.46654E-06    .15981E+00
    9.40    .68650E+01    .83664E+00    .25197E-05   -.49633E-06    .16325E+00
    9.60    .55837E+01    .74692E+00    .25879E-05   -.49118E-06    .16669E+00
    9.80    .44924E+01    .65248E+00    .26404E-05   -.46086E-06    .17013E+00
   10.00    .35731E+01    .55304E+00    .26760E-05   -.51396E-06    .17357E+00
   10.20    .28081E+01    .44842E+00    .26934E-05   -.58147E-06    .17700E+00
   10.40    .21804E+01    .33853E+00    .26912E-05   -.54595E-06    .18043E+00
   10.60    .16730E+01    .22349E+00    .26688E-05   -.55391E-06    .18386E+00
   10.80    .12696E+01    .10365E+00    .26263E-05   -.70147E-06    .18729E+00
   11.00    .95453E+00   -.20209E-01    .25667E-05   -.75701E-06    .19072E+00
   11.20    .71331E+00   -.14672E+00    .24978E-05   -.68807E-06    .19414E+00
   11.40    .53253E+00   -.27366E+00    .24351E-05   -.80212E-06    .19756E+00
   11.60    .40022E+00   -.39770E+00    .24050E-05   -.99908E-06    .20098E+00
   11.80    .30587E+00   -.51447E+00    .24440E-05   -.91399E-06    .20440E+00
   12.00    .24047E+00   -.61894E+00    .25909E-05   -.79585E-06    .20781E+00
   12.20    .19648E+00   -.70669E+00    .28676E-05   -.91248E-06    .21122E+00
   12.40    .16773E+00   -.77539E+00    .32604E-05   -.85549E-06    .21463E+00
   12.60    .14932E+00   -.82589E+00    .37204E-05   -.55560E-06    .21804E+00
   12.80    .13747E+00   -.86178E+00    .41856E-05   -.42191E-06    .22144E+00
   13.00    .12939E+00   -.88810E+00    .46076E-05   -.37778E-06    .22484E+00
   13.20    .12308E+00   -.90981E+00    .49618E-05   -.20009E-06    .22824E+00
   13.40    .11724E+00   -.93094E+00    .52436E-05   -.38086E-07    .23164E+00
   13.60    .11106E+00   -.95443E+00    .54592E-05    .22059E-07    .23503E+00
   13.80    .10418E+00   -.98224E+00    .56179E-05    .91545E-07    .23842E+00
   14.00    .96469E-01   -.10156E+01    .57290E-05    .17483E-06    .24181E+00
   14.20    .88039E-01   -.10553E+01    .57998E-05    .22840E-06    .24519E+00
   14.40    .79097E-01   -.11018E+01    .58356E-05    .28498E-06    .24857E+00
   14.60    .69911E-01   -.11555E+01    .58395E-05    .33206E-06    .25195E+00
   14.80    .60764E-01   -.12164E+01    .58132E-05    .34499E-06    .25533E+00
   15.00    .51919E-01   -.12847E+01    .57570E-05    .38717E-06    .25870E+00
E=1100 
    2.00    .27035E+06    .54319E+01    .14793E-06   -.67326E-07    .34885E-01
    2.20    .17334E+06    .52389E+01    .18374E-06    .25017E-06    .38369E-01
    2.40    .11379E+06    .50561E+01    .22172E-06    .60096E-07    .41856E-01
    2.60    .76078E+05    .48813E+01    .26150E-06   -.34082E-06    .45343E-01
    2.80    .51600E+05    .47126E+01    .30270E-06   -.33130E-07    .48827E-01
    3.00    .35389E+05    .45489E+01    .34491E-06    .23695E-06    .52311E-01
    3.20    .24479E+05    .43888E+01    .38771E-06   -.15237E-06    .55796E-01
    3.40    .17042E+05    .42315E+01    .43066E-06   -.29413E-06    .59280E-01
    3.60    .11920E+05    .40763E+01    .47325E-06    .78415E-07    .62762E-01
    3.80    .83650E+04    .39225E+01    .51494E-06    .58613E-07    .66243E-01
    4.00    .58825E+04    .37696E+01    .55515E-06   -.30532E-06    .69725E-01
    4.20    .41417E+04    .36172E+01    .59323E-06   -.20012E-06    .73205E-01
    4.40    .29178E+04    .34650E+01    .62856E-06    .67885E-07    .76684E-01
    4.60    .20559E+04    .33130E+01    .66052E-06   -.16345E-06    .80162E-01
    4.80    .14489E+04    .31610E+01    .68859E-06   -.38851E-06    .83640E-01
    5.00    .10217E+04    .30093E+01    .71251E-06   -.14011E-06    .87116E-01
    5.20    .72143E+03    .28582E+01    .73241E-06   -.63838E-07    .90591E-01
    5.40    .51082E+03    .27083E+01    .74915E-06   -.39673E-06    .94065E-01
    5.60    .36343E+03    .25604E+01    .76456E-06   -.42433E-06    .97538E-01
    5.80    .26050E+03    .24158E+01    .78178E-06   -.16307E-06    .10101E+00
    6.00    .18871E+03    .22758E+01    .80537E-06   -.29993E-06    .10448E+00
    6.20    .13865E+03    .21419E+01    .84099E-06   -.56651E-06    .10795E+00
    6.40    .10366E+03    .20156E+01    .89457E-06   -.41153E-06    .11142E+00
    6.60    .79053E+02    .18979E+01    .97083E-06   -.27948E-06    .11488E+00
    6.80    .61575E+02    .17894E+01    .10718E-05   -.48276E-06    .11835E+00
    7.00    .48958E+02    .16898E+01    .11960E-05   -.53207E-06    .12181E+00
    7.20    .39648E+02    .15982E+01    .13386E-05   -.36026E-06    .12528E+00
    7.40    .32590E+02    .15131E+01    .14928E-05   -.35811E-06    .12874E+00
    7.60    .27076E+02    .14326E+01    .16515E-05   -.43881E-06    .13220E+00
    7.80    .22638E+02    .13548E+01    .18085E-05   -.38169E-06    .13565E+00
    8.00    .18972E+02    .12781E+01    .19589E-05   -.31943E-06    .13911E+00
    8.20    .15880E+02    .12009E+01    .20995E-05   -.33009E-06    .14256E+00
    8.40    .13238E+02    .11218E+01    .22281E-05   -.32182E-06    .14602E+00
    8.60    .10964E+02    .10400E+01    .23433E-05   -.30801E-06    .14947E+00
    8.80    .90053E+01    .95450E+00    .24442E-05   -.31052E-06    .15292E+00
    9.00    .73236E+01    .86472E+00    .25297E-05   -.28551E-06    .15636E+00
    9.20    .58903E+01    .77014E+00    .25990E-05   -.28862E-06    .15981E+00
    9.40    .46809E+01    .67033E+00    .26508E-05   -.35104E-06    .16325E+00
    9.60    .36727E+01    .56499E+00    .26838E-05   -.35482E-06    .16669E+00
    9.80    .28440E+01    .45392E+00    .26964E-05   -.32491E-06    .17013E+00
   10.00    .21732E+01    .33711E+00    .26873E-05   -.43059E-06    .17357E+00
   10.20    .16396E+01    .21473E+00    .26557E-05   -.56944E-06    .17701E+00
   10.40    .12228E+01    .87370E-01    .26030E-05   -.56557E-06    .18044E+00
   10.60    .90398E+00   -.43844E-01    .25345E-05   -.65060E-06    .18387E+00
   10.80    .66541E+00   -.17691E+00    .24629E-05   -.98458E-06    .18730E+00
   11.00    .49128E+00   -.30867E+00    .24120E-05   -.12101E-05    .19072E+00
   11.20    .36761E+00   -.43461E+00    .24192E-05   -.12815E-05    .19415E+00
   11.40    .28239E+00   -.54916E+00    .25298E-05   -.16541E-05    .19757E+00
   11.60    .22553E+00   -.64680E+00    .27783E-05   -.21187E-05    .20099E+00
   11.80    .18881E+00   -.72398E+00    .31629E-05   -.21786E-05    .20440E+00
   12.00    .16570E+00   -.78068E+00    .36361E-05   -.21836E-05    .20782E+00
   12.20    .15119E+00   -.82048E+00    .41273E-05   -.23652E-05    .21123E+00
   12.40    .14159E+00   -.84898E+00    .45770E-05   -.23424E-05    .21464E+00
   12.60    .13430E+00   -.87193E+00    .49536E-05   -.21390E-05    .21804E+00
   12.80    .12762E+00   -.89407E+00    .52507E-05   -.20495E-05    .22145E+00
   13.00    .12056E+00   -.91879E+00    .54749E-05   -.20027E-05    .22485E+00
   13.20    .11263E+00   -.94833E+00    .56371E-05   -.18868E-05    .22825E+00
   13.40    .10374E+00   -.98407E+00    .57478E-05   -.17928E-05    .23164E+00
   13.60    .94004E-01   -.10269E+01    .58151E-05   -.17413E-05    .23503E+00
   13.80    .83720E-01   -.10772E+01    .58447E-05   -.16868E-05    .23842E+00
   14.00    .73227E-01   -.11353E+01    .58399E-05   -.16606E-05    .24181E+00
   14.20    .62873E-01   -.12015E+01    .58020E-05   -.16464E-05    .24520E+00
   14.40    .52975E-01   -.12759E+01    .57311E-05   -.15931E-05    .24858E+00
   14.60    .43789E-01   -.13586E+01    .56261E-05   -.15737E-05    .25195E+00
   14.80    .35503E-01   -.14497E+01    .54856E-05   -.16109E-05    .25533E+00
   15.00    .28234E-01   -.15492E+01    .53084E-05   -.15543E-05    .25870E+00
E=1150 
    2.00    .24054E+06    .53812E+01    .16372E-06   -.56541E-07    .34886E-01
    2.20    .15305E+06    .51848E+01    .20226E-06    .24271E-06    .38370E-01
    2.40    .99623E+05    .49984E+01    .24297E-06    .55476E-07    .41857E-01
    2.60    .65996E+05    .48195E+01    .28542E-06   -.34424E-06    .45344E-01
    2.80    .44314E+05    .46465E+01    .32917E-06   -.35035E-07    .48828E-01
    3.00    .30064E+05    .44781E+01    .37374E-06    .24057E-06    .52312E-01
    3.20    .20555E+05    .43129E+01    .41863E-06   -.16020E-06    .55797E-01
    3.40    .14133E+05    .41502E+01    .46329E-06   -.30958E-06    .59281E-01
    3.60    .97555E+04    .39893E+01    .50712E-06    .80915E-07    .62763E-01
    3.80    .67509E+04    .38294E+01    .54945E-06    .60414E-07    .66245E-01
    4.00    .46785E+04    .36701E+01    .58958E-06   -.33169E-06    .69726E-01
    4.20    .32445E+04    .35111E+01    .62677E-06   -.22039E-06    .73206E-01
    4.40    .22506E+04    .33523E+01    .66031E-06    .72648E-07    .76685E-01
    4.60    .15615E+04    .31935E+01    .68963E-06   -.18442E-06    .80164E-01
    4.80    .10840E+04    .30350E+01    .71441E-06   -.43910E-06    .83641E-01
    5.00    .75376E+03    .28772E+01    .73486E-06   -.16125E-06    .87118E-01
    5.20    .52581E+03    .27208E+01    .75203E-06   -.75308E-07    .90593E-01
    5.40    .36888E+03    .25669E+01    .76822E-06   -.45427E-06    .94067E-01
    5.60    .26106E+03    .24167E+01    .78731E-06   -.48326E-06    .97540E-01
    5.80    .18708E+03    .22720E+01    .81483E-06   -.18370E-06    .10101E+00
    6.00    .13630E+03    .21345E+01    .85744E-06   -.32916E-06    .10448E+00
    6.20    .10131E+03    .20056E+01    .92164E-06   -.60438E-06    .10795E+00
    6.40    .77006E+02    .18865E+01    .10119E-05   -.41844E-06    .11142E+00
    6.60    .59895E+02    .17774E+01    .11289E-05   -.26300E-06    .11489E+00
    6.80    .47599E+02    .16776E+01    .12691E-05   -.43898E-06    .11835E+00
    7.00    .38522E+02    .15857E+01    .14257E-05   -.45529E-06    .12182E+00
    7.20    .31606E+02    .14998E+01    .15906E-05   -.27253E-06    .12528E+00
    7.40    .26160E+02    .14176E+01    .17561E-05   -.24550E-06    .12874E+00
    7.60    .21740E+02    .13373E+01    .19161E-05   -.28266E-06    .13220E+00
    7.80    .18064E+02    .12568E+01    .20663E-05   -.20963E-06    .13566E+00
    8.00    .14953E+02    .11747E+01    .22038E-05   -.13972E-06    .13911E+00
    8.20    .12297E+02    .10898E+01    .23270E-05   -.11118E-06    .14257E+00
    8.40    .10024E+02    .10011E+01    .24346E-05   -.61512E-07    .14602E+00
    8.60    .80855E+01    .90770E+00    .25256E-05   -.30280E-07    .14947E+00
    8.80    .64437E+01    .80913E+00    .25989E-05    .14192E-08    .15292E+00
    9.00    .50685E+01    .70488E+00    .26531E-05    .97845E-07    .15637E+00
    9.20    .39317E+01    .59458E+00    .26868E-05    .15488E-06    .15981E+00
    9.40    .30062E+01    .47802E+00    .26980E-05    .13697E-06    .16326E+00
    9.60    .22657E+01    .35520E+00    .26853E-05    .23389E-06    .16670E+00
    9.80    .16841E+01    .22636E+00    .26482E-05    .40931E-06    .17014E+00
   10.00    .12367E+01    .92268E-01    .25887E-05    .40706E-06    .17357E+00
   10.20    .90031E+00   -.45608E-01    .25144E-05    .39061E-06    .17701E+00
   10.40    .65362E+00   -.18467E+00    .24428E-05    .63952E-06    .18044E+00
   10.60    .47769E+00   -.32085E+00    .24059E-05    .78796E-06    .18387E+00
   10.80    .35604E+00   -.44850E+00    .24509E-05    .59117E-06    .18730E+00
   11.00    .27473E+00   -.56109E+00    .26278E-05    .57944E-06    .19073E+00
   11.20    .22230E+00   -.65306E+00    .29605E-05    .73820E-06    .19415E+00
   11.40    .18960E+00   -.72216E+00    .34208E-05    .46742E-06    .19757E+00
   11.60    .16956E+00   -.77068E+00    .39358E-05    .80538E-07    .20099E+00
   11.80    .15694E+00   -.80427E+00    .44284E-05    .33486E-08    .20441E+00
   12.00    .14804E+00   -.82962E+00    .48500E-05   -.12403E-06    .20782E+00
   12.20    .14040E+00   -.85262E+00    .51845E-05   -.41931E-06    .21124E+00
   12.40    .13257E+00   -.87757E+00    .54365E-05   -.59902E-06    .21464E+00
   12.60    .12379E+00   -.90732E+00    .56180E-05   -.69181E-06    .21805E+00
   12.80    .11386E+00   -.94363E+00    .57412E-05   -.85493E-06    .22146E+00
   13.00    .10291E+00   -.98753E+00    .58160E-05   -.10335E-05    .22486E+00
   13.20    .91280E-01   -.10396E+01    .58489E-05   -.11987E-05    .22826E+00
   13.40    .79383E-01   -.11003E+01    .58441E-05   -.14090E-05    .23165E+00
   13.60    .67653E-01   -.11697E+01    .58031E-05   -.16411E-05    .23504E+00
   13.80    .56479E-01   -.12481E+01    .57258E-05   -.19142E-05    .23843E+00
   14.00    .46174E-01   -.13356E+01    .56112E-05   -.23284E-05    .24182E+00
   14.20    .36960E-01   -.14323E+01    .54574E-05   -.28367E-05    .24521E+00
   14.40    .28967E-01   -.15381E+01    .52634E-05   -.33928E-05    .24859E+00
   14.60    .22241E-01   -.16529E+01    .50312E-05   -.42261E-05    .25197E+00
   14.80    .16755E-01   -.17759E+01    .47700E-05   -.54615E-05    .25534E+00
   15.00    .12425E-01   -.19057E+01    .45037E-05   -.68932E-05    .25871E+00
E=1200 
    2.00    .21441E+06    .53312E+01    .18000E-06   -.43936E-07    .34886E-01
    2.20    .13534E+06    .51314E+01    .22127E-06    .23782E-06    .38370E-01
    2.40    .87319E+05    .49411E+01    .26469E-06    .53791E-07    .41858E-01
    2.60    .57287E+05    .47581E+01    .30976E-06   -.34545E-06    .45345E-01
    2.80    .38064E+05    .45805E+01    .35595E-06   -.33469E-07    .48829E-01
    3.00    .25533E+05    .44071E+01    .40272E-06    .24985E-06    .52313E-01
    3.20    .17245E+05    .42367E+01    .44945E-06   -.16378E-06    .55798E-01
    3.40    .11704E+05    .40683E+01    .49550E-06   -.32201E-06    .59282E-01
    3.60    .79680E+04    .39013E+01    .54011E-06    .89954E-07    .62764E-01
    3.80    .54346E+04    .37352E+01    .58251E-06    .69345E-07    .66246E-01
    4.00    .37099E+04    .35694E+01    .62186E-06   -.35630E-06    .69727E-01
    4.20    .25333E+04    .34037E+01    .65736E-06   -.23914E-06    .73208E-01
    4.40    .17303E+04    .32381E+01    .68832E-06    .82116E-07    .76687E-01
    4.60    .11825E+04    .30728E+01    .71435E-06   -.20821E-06    .80165E-01
    4.80    .80955E+03    .29082E+01    .73567E-06   -.50342E-06    .83643E-01
    5.00    .55621E+03    .27452E+01    .75349E-06   -.19923E-06    .87119E-01
    5.20    .38457E+03    .25850E+01    .77049E-06   -.11357E-06    .90595E-01
    5.40    .26856E+03    .24290E+01    .79125E-06   -.55963E-06    .94069E-01
    5.60    .19024E+03    .22793E+01    .82226E-06   -.61083E-06    .97542E-01
    5.80    .13731E+03    .21377E+01    .87117E-06   -.30110E-06    .10101E+00
    6.00    .10136E+03    .20059E+01    .94499E-06   -.48655E-06    .10448E+00
    6.20    .76696E+02    .18848E+01    .10478E-05   -.80122E-06    .10795E+00
    6.40    .59485E+02    .17744E+01    .11789E-05   -.63550E-06    .11142E+00
    6.60    .47174E+02    .16737E+01    .13329E-05   -.51232E-06    .11489E+00
    6.80    .38086E+02    .15808E+01    .15012E-05   -.70601E-06    .11835E+00
    7.00    .31135E+02    .14933E+01    .16745E-05   -.74501E-06    .12182E+00
    7.20    .25630E+02    .14088E+01    .18449E-05   -.61314E-06    .12528E+00
    7.40    .21137E+02    .13251E+01    .20066E-05   -.61795E-06    .12874E+00
    7.60    .17388E+02    .12403E+01    .21556E-05   -.66913E-06    .13220E+00
    7.80    .14218E+02    .11528E+01    .22896E-05   -.63979E-06    .13566E+00
    8.00    .11523E+02    .10616E+01    .24070E-05   -.62399E-06    .13911E+00
    8.20    .92369E+01    .96552E+00    .25066E-05   -.62004E-06    .14257E+00
    8.40    .73108E+01    .86396E+00    .25873E-05   -.59549E-06    .14602E+00
    8.60    .57057E+01    .75631E+00    .26475E-05   -.62261E-06    .14947E+00
    8.80    .43867E+01    .64213E+00    .26855E-05   -.63528E-06    .15292E+00
    9.00    .33203E+01    .52118E+00    .26993E-05   -.53595E-06    .15637E+00
    9.20    .24739E+01    .39339E+00    .26872E-05   -.49008E-06    .15981E+00
    9.40    .18157E+01    .25905E+00    .26485E-05   -.53660E-06    .16326E+00
    9.60    .13152E+01    .11901E+00    .25856E-05   -.35971E-06    .16670E+00
    9.80    .94401E+00   -.25024E-01    .25074E-05    .15305E-07    .17014E+00
   10.00    .67611E+00   -.16998E+00    .24349E-05    .22780E-06    .17357E+00
   10.20    .48863E+00   -.31102E+00    .24069E-05    .58514E-06    .17701E+00
   10.40    .36183E+00   -.44150E+00    .24787E-05    .15404E-05    .18044E+00
   10.60    .27923E+00   -.55404E+00    .27038E-05    .25053E-05    .18387E+00
   10.80    .22747E+00   -.64307E+00    .30962E-05    .31196E-05    .18730E+00
   11.00    .19610E+00   -.70752E+00    .36059E-05    .39563E-05    .19073E+00
   11.20    .17722E+00   -.75148E+00    .41433E-05    .48047E-05    .19415E+00
   11.40    .16515E+00   -.78211E+00    .46305E-05    .50989E-05    .19757E+00
   11.60    .15603E+00   -.80679E+00    .50290E-05    .51988E-05    .20099E+00
   11.80    .14744E+00   -.83139E+00    .53331E-05    .54278E-05    .20441E+00
   12.00    .13807E+00   -.85991E+00    .55538E-05    .55579E-05    .20783E+00
   12.20    .12739E+00   -.89487E+00    .57055E-05    .55656E-05    .21124E+00
   12.40    .11542E+00   -.93773E+00    .58005E-05    .56426E-05    .21465E+00
   12.60    .10249E+00   -.98932E+00    .58479E-05    .57657E-05    .21806E+00
   12.80    .89101E-01   -.10501E+01    .58530E-05    .58752E-05    .22146E+00
   13.00    .75783E-01   -.11204E+01    .58184E-05    .60178E-05    .22486E+00
   13.20    .63030E-01   -.12005E+01    .57444E-05    .61486E-05    .22826E+00
   13.40    .51244E-01   -.12904E+01    .56299E-05    .62226E-05    .23166E+00
   13.60    .40716E-01   -.13902E+01    .54729E-05    .63082E-05    .23505E+00
   13.80    .31616E-01   -.15001E+01    .52722E-05    .62851E-05    .23845E+00
   14.00    .24006E-01   -.16197E+01    .50298E-05    .58769E-05    .24183E+00
   14.20    .17854E-01   -.17483E+01    .47560E-05    .50746E-05    .24522E+00
   14.40    .13058E-01   -.18841E+01    .44791E-05    .37646E-05    .24860E+00
   14.60    .94653E-02   -.20239E+01    .42606E-05    .11563E-05    .25199E+00
   14.80    .68937E-02   -.21615E+01    .42114E-05   -.33352E-05    .25536E+00
   15.00    .51515E-02   -.22881E+01    .44848E-05   -.93555E-05    .25874E+00
